7.20974
-3.28341
-1.64798
10.10573
7.02968
-2.9122
-1.8753
9.81147
6.01333
-3.29595
0.19955
10.69629
7.04605
-2.36669
0.92163
11.26355
9.69635
-3.39413
0.25296
11.68842
8.02464
-2.11001
1.62579
12.16471
8.43998
-1.48981
1.73069
12.33284
8.46915
0.0888
-0.14485
13.01284
9.61311
0.49114
2.76095
11.72344
10.21519
0.04261
2.29946
13.28238
10.08246
-0.13683
2.15829
13.31869
12.05828
-1.13544
3.12896
13.80838
9.79491
1.67814
5.47692
14.37718
11.28969
0.73954
4.11709
13.80042
11.56304
0.39365
4.61328
14.95515
12.62428
1.58705
4.54765
14.98595
14.7959
1.17585
4.7305
16.72145
13.23415
3.93638
5.96948
15.58224
11.90746
3.58226
7.64096
15.56139
13.51141
3.2025
6.05528
16.53188
14.71616
4.0398
6.72964
16.94134
15.22483
2.61676
6.61493
16.50583
16.62142
3.48163
6.85305
17.85395
15.96475
5.59686
7.77663
17.79512
14.21709
5.65355
7.91926
18.70508
15.8315
7.59297
8.2398
18.4811
15.62185
4.66679
9.60626
19.88012
15.5669
5.40961
8.87122
19.84847
16.09567
5.43909
8.7724
20.33417
17.27397
7.75549
8.04102
20.24652
17.02291
7.50452
11.43558
20.95997
19.00283
7.91125
10.25184
20.691
18.62451
9.12984
10.25561
20.42625
20.74103
9.02765
12.12929
22.20333
18.71925
9.35383
11.23655
22.9474
19.97262
8.836
12.88305
22.912
19.92727
8.14427
13.74533
23.04749
20.61696
10.37865
14.32111
22.31854
20.88332
9.95166
14.05797
23.53272
21.09393
9.51958
14.2911
23.36354
22.23466
10.23525
14.43652
24.97554
22.51002
12.39056
15.70063
23.91154
22.71313
10.85307
16.44493
24.91539
21.46557
12.1586
15.51067
25.03899
22.50201
14.15375
13.32385
27.62117
23.0825
13.41484
16.37458
28.03163
24.00999
15.0202
16.29509
26.99024
25.14276
13.75817
15.83214
26.05343
25.03067
15.20829
19.08611
26.50928
24.69859
14.51206
17.63291
28.34299
25.25448
13.67405
18.40635
27.88886
26.82392
16.02088
17.89785
29.29068
27.1824
15.54791
16.49404
29.08488
26.17402
17.31892
18.45566
32.36495
26.39701
17.4531
19.88498
29.77899
27.64202
15.55618
20.58383
30.56028
27.34778
18.36209
19.56042
30.54935
27.47026
17.97095
21.91065
29.92588
29.11335
17.63508
19.83161
32.00246
30.69417
18.43721
20.25052
32.02412
29.71598
19.30781
21.76
32.02017
29.34739
19.90531
21.29278
33.90344
29.57693
18.75784
23.2784
33.01434
30.23483
20.51027
21.42673
34.60319
30.44147
19.66708
22.92563
32.98821
31.87856
20.86253
22.57683
33.73646
31.84445
20.67863
24.06744
35.07897
31.1127
21.29885
23.87769
34.80666
32.31236
20.24418
24.83582
36.56381
32.71327
22.18561
24.69471
36.34982
33.37174
24.17787
26.12621
37.37943
33.18317
22.78086
24.52189
35.16002
33.76442
22.17973
26.67177
37.87782
32.92583
24.40075
25.85726
36.25843
33.52649
23.4314
27.42093
37.86075
34.93624
23.02
28.09977
39.01477
35.99739
23.97158
27.43686
39.19359
35.62872
23.71994
29.01251
38.26735
35.07972
23.58955
29.0412
39.76627
35.53711
26.86926
27.6744
38.35078
36.82567
26.86449
29.62982
38.4035
36.63495
26.34314
28.2082
40.21536
36.95115
26.86817
30.16814
41.64663
37.83376
26.79952
30.49176
39.67158
38.75881
28.50607
30.03793
41.33704
37.97539
28.55337
31.52687
42.13818
37.94652
28.12281
31.70104
42.70485
38.45768
27.77346
33.13267
43.03545
39.90194
29.37093
31.0453
44.26786
40.44295
29.87563
33.01953
42.0483
41.24368
29.55505
33.51175
43.95467
40.75823
31.21587
33.65007
43.14904
41.98815
32.43976
34.53056
43.63764
41.21312
30.19217
34.98827
44.9763
40.69727
33.412
34.94942
45.96993
41.95077
32.07844
36.45748
46.47387
42.83035
32.71465
35.05788
45.07028
44.89561
31.70772
34.97536
46.76564
43.38174
32.9618
35.56665
45.99438
43.12691
33.83953
36.26466
46.56398
44.36257
34.14151
37.01977
47.19706
45.50945
35.26787
36.04813
48.13019
46.37339
34.18874
37.13808
49.86532
44.99093
35.58472
38.82804
49.28013
45.91663
35.75952
38.45752
50.09222
48.10714
34.60549
38.79913
49.37633
46.6624
37.78227
39.32096
49.24539
45.66181
36.26726
40.32941
50.2043
47.96221
36.80783
40.26484
51.77944
47.33297
36.29052
40.98383
51.06575
48.38809
37.70565
38.79212
52.35123
47.32118
39.01548
41.06381
52.37077
48.46488
39.04161
40.67503
51.60813
49.07552
39.12601
41.48769
52.41503
48.03481
40.42587
41.5157
52.86566
49.38652
38.24472
43.88997
52.25776
51.72342
39.69086
42.38214
52.81726
53.03269
40.04323
42.70893
53.74382
51.59291
40.43809
42.63594
55.26842
51.71607
38.91845
43.7339
55.38485
52.33953
41.44582
44.28203
54.27622
52.1307
41.3034
44.79636
56.07182
50.61053
41.84373
45.08522
56.77282
51.83404
43.43268
44.92587
56.38681
54.21301
43.60397
46.37635
55.44741
52.41609
44.25775
45.4984
57.06662
54.07267
44.99878
46.98163
56.0788
54.12134
44.79644
46.98891
59.29773
55.31806
42.9603
45.55975
58.68925
56.26408
43.63248
48.15868
57.66961
56.26173
46.46912
49.75578
57.24217
56.00355
45.94459
48.23322
59.43401
55.88792
44.43345
47.8175
60.23582
56.08146
46.39619
49.60459
61.07785
57.11726
46.22443
48.55341
59.36643
57.531
45.4138
50.07096
60.68792
58.06821
47.68524
50.37667
60.69261
58.50794
47.61081
49.95207
61.20312
59.72278
48.13996
51.63996
61.40243
60.44428
48.72682
52.32553
61.37021
59.14415
48.3913
52.65252
63.34739
60.67524
47.45475
54.1109
63.15165
58.89945
49.5513
52.52194
62.85295
60.1705
50.54716
54.1264
64.16013
60.47774
50.52623
52.02005
63.4196
61.54623
50.25218
53.14373
63.25948
61.73436
51.34768
52.32963
66.23422
62.31479
52.12037
51.23125
64.85741
62.8267
53.74337
55.11157
64.94232
62.90694
51.87172
56.2463
68.04431
62.93495
52.20712
56.06047
65.55928
64.19977
52.71181
55.51522
66.5858
62.3627
53.01115
57.12985
68.30111
63.56773
54.46868
55.95471
67.3308
64.7322
53.65395
56.72997
67.9048
65.07252
53.96602
57.62203
67.02574
64.83582
54.77748
57.49967
69.54631
65.74389
54.91245
58.88837
67.85731
66.69877
55.15275
58.73757
69.43355
66.04539
56.62068
59.99196
71.23523
64.30686
56.74307
59.12976
70.20921
67.27534
55.80189
61.52728
70.68235
66.35999
56.97214
59.63694
70.77542
67.94211
56.73114
59.64425
71.97779
67.79007
57.58951
61.02205
71.30679
69.45627
56.96167
60.55783
72.08859
68.78702
59.1265
62.29878
72.66112
67.64012
58.06374
62.72765
72.81803
70.80294
59.75552
62.79138
72.9362
69.60545
60.26424
62.03981
73.52359
70.10947
60.8516
63.05266
73.48237
69.66722
59.66867
63.87407
75.42683
73.10194
60.31675
63.20303
74.70528
71.13983
61.14951
64.09294
75.32698
72.02973
60.5701
64.20693
75.57326
72.60528
62.5394
66.09213
76.94781
72.98854
62.21724
65.50735
76.12872
75.36069
62.90631
65.97384
76.32608
73.24964
61.14463
65.94216
77.50115
74.63749
62.72403
66.82876
77.95165
72.99067
63.73909
69.45313
76.45559
74.27015
63.29184
67.78142
78.22213
74.53758
65.00185
68.31735
78.99464
75.20393
66.85715
68.15151
79.20844
74.6237
65.5897
68.71014
79.58326
77.40668
65.82233
69.41409
80.26574
77.56223
67.12896
68.71529
80.12338
75.94271
66.67497
68.90827
80.26339
77.1074
67.31976
70.42886
80.33854
79.18199
68.12967
69.81347
81.20628
76.82176
68.21286
70.31665
81.92635
77.74868
67.77654
70.58466
83.18743
77.43449
68.95555
71.60528
82.33149
80.26455
68.07031
73.60708
81.64619
80.3833
70.41061
71.33359
82.43271
79.30725
68.14249
73.09329
83.14845
80.5816
70.45726
73.30345
83.2477
80.48791
70.01241
74.22231
83.83278
82.00994
70.72745
72.39985
85.19886
81.62465
69.62156
74.61856
84.47813
81.39374
71.96758
72.72265
84.51952
82.52089
71.70216
74.42403
86.00476
83.37439
71.64009
74.39013
87.12422
83.68836
73.57516
75.7784
86.62417
82.45115
72.9218
78.47109
85.79422
84.67903
72.28165
77.28754
87.61198
85.38457
72.11752
77.52835
87.88345
84.25062
74.29862
77.75085
87.64482
84.56635
74.50909
78.55952
87.44327
84.3853
75.33343
79.94961
89.1504
87.08955
75.6349
77.14829
90.42779
85.34532
74.8829
78.2452
90.12653
85.59825
76.92306
78.1267
90.07349
86.60784
78.10519
80.54948
90.04948
87.12005
77.13594
80.61157
91.00991
87.97074
77.55116
80.57223
90.67576
87.84225
76.41984
80.87122
90.7561
87.78035
76.80314
82.35734
92.10986
87.88349
77.9854
81.49579
92.7741
89.36495
78.60891
81.20648
92.9155
88.43193
78.52772
80.47038
93.49328
88.23005
80.25015
82.49069
94.15847
90.75258
79.42963
80.96497
93.19338
91.22437
80.20267
83.64369
94.95509
90.18926
80.69615
84.01181
94.795
92.35459
81.00024
83.98627
95.14608
92.01398
82.16401
83.94687
96.24132
93.47332
81.16729
84.95459
94.77446
93.75879
81.54182
86.30627
93.8511
93.30123
82.65762
86.15043
96.55817
94.02245
81.88458
85.32522
96.86083
93.81846
83.8436
85.16462
97.32567
94.56741
82.62202
87.16362
97.22806
93.78015
83.31628
86.14575
96.40796
93.91789
84.60986
86.24138
99.07363
93.5542
84.241
88.03498
98.13428
95.67946
84.19991
88.62426
98.03881
95.16426
85.73236
89.11666
99.58794
95.55161
85.07705
89.67456
99.88599
97.64082
85.78533
90.12749
100.8851
97.28171
86.53807
90.75885
99.99538
98.02693
86.02169
92.68836
102.0451
95.46038
87.4503
90.69262
100.848
98.93032
87.27964
91.25658
101.6796
99.39002
88.38387
90.91529
102.4993
99.63312
89.44319
91.50496
102.4026
99.53952
88.82241
92.67573
101.2091
100.0019
88.16093
92.68232
103.0795
100.6429
89.21933
92.81893
104.3038
100.0424
90.9101
93.77051
105.184
100.23
90.24835
94.21301
103.3058
101.4323
91.28647
94.10212
105.0637
101.6275
89.60339
93.80582
105.6563
103.7472
91.02761
95.00807
106.2788
102.3443
90.54998
95.3961
105.4389
101.8342
92.58318
95.84163
104.6683
104.2743
93.57371
95.2992
106.7442
104.2848
92.35401
94.91238
106.3248
103.2944
93.7794
96.54477
107.9393
103.8836
94.50112
96.17205
109.3386
105.0801
94.08171
97.20205
107.0811
106.1658
95.2646
98.1494
107.7945
105.602
94.64538
97.86273
108.9622
104.9067
95.8868
98.57598
107.8541
106.958
94.98834
100.2694
109.3841
106.4715
95.19221
100.5893
108.4521
106.8995
95.49235
100.6248
109.9987
105.0399
99.35852
100.2426
111.1688
108.0318
97.01037
99.87565
111.0376
107.9711
97.01784
100.2233
111.6342
108.8204
97.07403
99.27877
110.7503
109.446
98.45067
100.5859
112.7622
109.7235
98.81452
102.008
112.231
108.6296
99.78132
101.2227
113.8259
108.6195
100.0215
103.513
113.1653
110.3214
99.41818
103.0526
112.1521
109.3335
100.7031
102.8944
114.9504
111.397
101.3672
102.6638
112.379
111.0752
101.5905
103.5702
114.7692
111.0295
102.1502
105.7616
116.133
112.1403
101.8723
106.4984
114.3739
112.6189
101.7328
104.3919
115.8781
112.8143
101.8767
104.8424
117.8567
113.3102
102.1668
105.9347
116.5377
112.2823
104.0259
107.3083
115.88
114.6111
105.1893
106.8356
117.9791
115.5789
103.1812
107.3896
118.5122
115.0525
104.0864
105.9119
118.8875
115.6087
104.7081
108.8647
117.7381
115.1844
105.3911
109.3518
119.5014
117.2894
105.6062
110.1907
118.5905
117.4207
104.4432
109.517
118.9574
115.1968
106.8406
109.0057
118.4041
117.0172
106.8519
108.5764
119.3847
117.5527
108.2525
110.7657
118.2127
117.043
107.4168
110.6518
121.3698
118.0464
108.2859
111.6508
120.7464
119.2129
108.2868
110.2343
121.6206
118.7242
107.6209
112.7442
122.344
118.6879
110.8841
111.3306
121.9274

